0 -1.11673e-05 -1.25491e-05 -2.59726e-05 0.852911 -0.521592 8.81145e-06 -0.0220124
1   0.060123 -0.0986657 -0.0216918 0.832754 -0.540209 -0.0928211 -0.0779749
2  0.321974 -0.722809 0.0178891 0.888461 -0.451525 -0.0505304 -0.06487
3  0.983988  -1.51142 0.0116651 0.903306 -0.417162 -0.0868979 -0.0496195
4      1.58743     -2.32156 -0.000239893 0.889563 -0.44361 -0.0928986 -0.0570768
5   2.16883  -3.17176 -0.011932 0.893883 -0.441954 -0.0476896 -0.0581059
6    2.85127   -3.92701 -0.0290559 0.897115 -0.431669 -0.0933674 -0.0113267
7  3.35983 -4.78818 -0.02947 0.894365 -0.439716 -0.0600992 -0.0561221
8    3.9647  -5.59506 -0.033566 0.895844 -0.434182 -0.0785765 -0.052691
9    4.48739   -6.45347 -0.0326918 0.88136 -0.470328 -0.0416335 -0.0161808
10    5.00087   -7.32248 -0.0458471 0.876858 -0.468922 -0.093589 -0.0497338
11    5.54053   -8.19891 -0.0525613 0.882412 -0.463463 -0.0524603 -0.0616309
12     6.1288   -9.00759 -0.0738057 0.888006 -0.454116 -0.0268288 -0.0671076
13    6.60466   -9.65938 -0.0706429 0.839956 -0.536444 -0.0817077 0.00508735
14    7.01742    -10.586 -0.0753363 0.85031 -0.517899 -0.0916872 -0.0186126
15   7.18423  -10.9909 -0.076127 0.79013 -0.606744 -0.0858624 -0.0135527
16    7.05998   -11.1689 -0.0771916 0.720675 -0.68853 -0.00659054 -0.0806934
17    7.19718   -11.3833 -0.0727757 0.716433 -0.692872 -0.0806192 -0.012359
18    6.99399   -12.0629 -0.0754704 -0.65443 0.753172 -0.00737011 0.0663322
19    7.04059   -12.3211 -0.0774129 -0.577133 0.813856 0.0625071 0.0254705
20    6.87545   -12.6312 -0.0768694 -0.484834 0.870626 0.0732748 0.0397124
21    6.66454   -12.9257 -0.0822943 -0.391747 0.916152 0.0722478 0.0444964
22    5.97978   -13.4994 -0.0770272 -0.293016 0.953216 0.057779 0.0467225
23    5.43186   -13.7356 -0.0692534 -0.173612 0.981432 0.0375993 0.0723569
24    5.15576   -13.7845 -0.0681741 -0.0707731 0.994542 0.0319817 0.069675
25    4.84352   -13.8241 -0.0654716 0.0341183 0.996033 0.0415631 0.0709046
26    4.70768   -13.6721 -0.0674767 0.106947 0.991514 -0.0536743 0.0508119
27    4.61261    -13.689 -0.0729508 0.211958 0.973478 -0.0145353 0.0848672
28    4.55254   -13.6894 -0.0704115 0.337095 0.938637 0.00210218 0.0729519
29     4.0844   -13.2159 -0.0644296 0.438149 0.895402 -0.0185592 0.0770429
30    3.44596   -12.4348 -0.0467829 0.422259 0.904145 -0.00714866 0.0645681
31    2.75367   -11.6838 -0.0540254 0.398272 0.913785 -0.00482162 0.0797017
32     2.4451   -11.2236 -0.0435974 0.300829 0.95107 -0.0667399 -0.0226559
33    2.11538   -11.1991 -0.0414931 0.297137 0.953221 0.0449695 0.0325018
34    1.88468   -10.8956 -0.0488938 0.315246 0.946759 -0.0622331 0.0198764
35     1.4486   -10.7519 -0.0453741 0.29335 0.95256 0.0333257 0.0739203
36    1.24423   -10.4279 -0.0496489 0.307695 0.948123 -0.0725951 0.0334061
37   0.897713   -10.3295 -0.0383613 0.292215 0.953457 0.0335062 0.066391
38   0.663537   -10.0369 -0.0456912 0.283486 0.955168 -0.0689105 0.0504128
39 -0.0473032   -9.72397 -0.0349409 0.272341 0.959973 0.0341479 0.0558163
40  -0.211114    -9.4843 -0.0384178 0.249389 0.966212 -0.0648046 0.0063515
41  -0.515632   -9.47479 -0.0366897 0.244078 0.967081 0.0417189 0.0586532
42  -0.690003   -9.22759 -0.0333061 0.214598 0.974602 -0.0637139 0.00627722
43  -0.984281   -9.24661 -0.0239415 0.208556 0.975655 0.0430692 0.0524028
44   -1.13706    -9.1363 -0.0316134 0.315723 0.946193 -0.00143097 0.0709579
45   -1.10751   -8.96952 -0.0369628 0.346812 0.934036 -0.0853245 -0.00434548
46   -1.36242   -8.93245 -0.0204852 0.368276 0.927634 0.00232644 0.0621451
47   -1.70808   -8.49624 -0.0257769 0.463305 0.883139 -0.0236121 0.0696864
48   -2.20872   -7.61956 -0.0215767 0.483263 0.871546 -0.00260205 0.082804
49   -2.74357   -6.76525 -0.0149646 0.455652 0.886523 0.010124 0.0797243
50   -2.94491   -6.26595 -0.0160177 0.436048 0.897207 -0.0692514 0.00927692
51   -3.15868     -6.201 -0.0116103 0.440852 0.894961 0.0164218 0.0665107
52    -3.65592    -5.32542 -0.00508143 0.44685 0.89226 -0.0638822 0.0107408
53   -3.88292   -5.27225 -0.0118345 0.452186 0.888183 0.0212981 0.0787685
54    -3.87184    -5.06151 -0.00182383 0.46479 0.883047 -0.0634345 0.0131815
55    -4.11032    -4.94818 -0.00853914 0.461526 0.883737 0.0198649 0.0748901
56   -4.11206   -4.71376 -0.0077287 0.465862 0.882732 -0.0612423 0.00250878
57    -4.33236    -4.61712 -0.00824241 0.452827 0.888222 0.0167223 0.0756992
58    -4.32995    -4.38588 -0.00986093 0.439918 0.8957 -0.0647596 0.000301713
59    -4.5813   -4.28634 -0.0138014 0.420972 0.903889 0.0278184 0.0706681
60  -4.60243  -4.04916 -0.015298 0.424775 0.903208 -0.0611624 0.00646377
61  -4.84333  -4.01449 -0.012471 0.361587 0.92938 0.0380568 0.0637166
62   -4.91097   -3.78781 -0.0166365 0.367208 0.928103 -0.0602076 0.0125361
63   -5.15069   -3.74945 -0.0189749 0.327984 0.941412 0.0308605 0.0722277
64    -5.2086   -3.54101 -0.0175432 0.32226 0.944816 -0.0585305 0.006684
65   -5.50887   -3.50838 -0.0202583 0.300838 0.950161 0.0372033 0.0728508
66   -5.59395    -3.2768 -0.0202789 0.30264 0.950808 -0.0631161 0.0197462
67   -5.90054   -3.22766 -0.0180315 0.295769 0.952063 0.0465362 0.0626942
68   -6.01196   -3.00134 -0.0185755 0.309014 0.949211 -0.0536664 0.0250703
69   -6.42774   -2.76232 -0.0184282 0.398036 0.913515 -0.00336435 0.0839434
70   -6.39313   -2.57755 -0.0221365 0.455048 0.887493 -0.072604 0.00406845
71  -6.62561  -2.38988 -0.010186 0.528191 0.846328 0.0136042 0.0675155
72   -6.59366   -2.08263 -0.0121544 0.585799 0.808039 -0.0625414 -0.00128011
73    -6.76572    -1.78663 -0.00287544 0.663476 0.745 -0.00975421 0.0684093
74   -6.67425   -1.61392 0.00293125 0.741662 0.66575 -0.0671155 0.0470161
75    -6.5974   -1.33183 0.00116061 0.808414 0.585525 -0.0469304 0.0377478
76    -6.39136    -1.07782 -0.00758186 0.868639 0.491269 -0.0608846 -0.0203445
77  -5.74586 -0.311773 0.0144616 0.911065 0.402906 -0.0872022 0.00482112
78  -5.05131  0.429301 0.0183025 0.922414 0.381332 -0.0217392 0.0571478
79   -4.6743  0.623484 0.0181201 0.931133 0.355155 -0.0751217 -0.0348329
80  -4.51014  0.928924 0.0147158 0.93232 0.35575 -0.0228588 0.0608184
81 -3.71887  1.45273 0.031877 0.951162 0.299693 -0.0611737 -0.0416353
82  -3.54839   1.72173 0.0353161 0.947208 0.313873 -0.0292585 0.0585253
83 -3.22344  1.79165 0.033529 0.95114 0.300645 -0.0601044 -0.0365015
84   -3.0724   2.06053 0.0295059 0.945038 0.318741 -0.0338146 0.0645276
85  -2.78328   2.13702 0.0409658 0.951364 0.299338 -0.0631209 -0.0363237
86  -2.62429   2.42261 0.0430938 0.946016 0.316338 -0.0356531 0.060932
87  -2.32021   2.50058 0.0449044 0.96249 0.260647 -0.0662594 -0.0358602
88  -2.10837   2.67695 0.0417292 0.983018 0.167034 -0.0723509 0.0232679
89  -1.86046   2.61677 0.0352817 0.996348 0.0371823 -0.0364789 -0.0676506
90  -1.64405   2.60177 0.0398757 0.993032 -0.0783566 -0.0713257 -0.0515748
91   -1.2778   2.45191 0.0393896 0.979691 -0.179587 -0.0709551 -0.0540372
92  -1.01707   2.38207 0.0398649 0.955508 -0.279963 -0.0909368 -0.018857
93 -0.257303   1.67279 0.0341935 0.932983 -0.345585 -0.0935612 -0.0368938
94    0.4365  0.923379 0.0282918 0.896246 -0.430391 -0.0929358 -0.0535681
95 0.790539 0.198468  0.01087 0.842928 -0.530113 -0.0546119 -0.073959
96   0.941387 -0.0265462  0.0205822 0.758125 -0.644916 -0.0901609 -0.0346443
97   0.812183  -0.139823 0.00666215 -0.668953 0.738606 0.0155103 0.0819944
98  0.658609  -0.69442 0.0189225 -0.547705 0.836588 -0.00485246 0.0107833
99  0.663399 -0.654402 0.0185159 -0.390602 0.920489 -0.0113877 -0.00108516
100    0.682922    -0.62345 0.000698249 -0.264823 0.963577 -0.0357988 -0.0103272
101   0.700436  -0.635884 0.00341971 -0.0831613 0.996462 -0.0103876 0.0062709
102   0.676856  -0.565077 0.00100926 0.0673701 0.995823 -0.0457911 0.0412388
103  0.675044 -0.526034 0.0100192 0.170241 0.983783 -0.0488658 0.0283177
104  0.120812 -0.300163 0.0261201 0.0572077 0.998115 -0.0200479 0.00959196
105  0.125702 -0.292868 0.0254401 -0.102881 0.994486 -0.0203038 0.000217701
106  0.136263 -0.318109 0.0226612 -0.267336 0.963356 0.0198837 -0.00900589
107  0.141972 -0.317186 0.0223138 -0.413123 0.910387 0.0227796 -0.00247894
108   0.111924  -0.362654 0.00539603 -0.551761 0.831765 0.0375406 0.048129
109   0.157028  -0.380458 0.00661343 -0.667287 0.742754 0.0537273 0.0125776
110 0.0875165 -0.365112 0.0170576 0.743173 -0.668855 -0.0112679 -0.0141451
111   0.051594 -0.0551829 0.00815857 0.799629 -0.588595 -0.0895715 -0.0782674
112 -0.00214658   0.0762192    0.038607 0.845571 -0.53323 -0.00256769 -0.0258548
